1000 1 41 3989
1000 1 47 4270
1000 1 44 4068
1000 1 30 4042
1000 1 70 3894
1000 1 102 4166
1000 1 32 4101
1000 1 119 4036
1000 1 16 3398
1000 1 74 4149
2000 1 75 16251
2000 1 203 16317
2000 1 93 15810
2000 1 183 15992
2000 1 61 16181
2000 1 139 16129
2000 1 36 14459
2000 1 68 15685
2000 1 68 16094
2000 1 32 14650
3000 1 248 34793
3000 1 19 36291
3000 1 39 36549
3000 1 209 36380
3000 1 268 36463
3000 1 65 36650
3000 1 112 36027
3000 1 6 36763
3000 1 135 36073
3000 1 159 36081
4000 1 489 61129
4000 1 335 63255
4000 1 337 64089
4000 1 236 63660
4000 1 48 64812
4000 1 213 64448
4000 1 287 63454
4000 1 259 63584
4000 1 74 63816
4000 1 431 63410
5000 1 130 98833
5000 1 564 99827
5000 1 366 99283
5000 1 221 102407
5000 1 568 102892
5000 1 212 101326
5000 1 37 100896
5000 1 493 101301
5000 1 281 101789
5000 1 72 99959
6000 1 536 143188
6000 1 782 144719
6000 1 317 147017
6000 1 473 120986
6000 1 422 144394
6000 1 81 144426
6000 1 97 145195
6000 1 140 141003
6000 1 475 143868
6000 1 91 144446
7000 1 306 197248
7000 1 753 195416
7000 1 392 198152
7000 1 565 193272
7000 1 54 194759
7000 1 32 181514
7000 1 640 193787
7000 1 762 196294
7000 1 259 199478
7000 1 10 194473
8000 1 445 251781
8000 1 778 253665
8000 1 536 253950
8000 1 22 253179
8000 1 52 253221
8000 1 612 255746
8000 1 977 263347
8000 1 797 256105
8000 1 763 248116
8000 1 672 252884
9000 1 964 324085
9000 1 935 288342
9000 1 254 306632
9000 1 728 319648
9000 1 816 318907
9000 1 588 325300
9000 1 950 325308
9000 1 702 320430
9000 1 828 322294
9000 1 339 314413
10000 1 1115 406937
10000 1 453 402494
10000 1 260 398903
10000 1 370 397313
10000 1 545 397810
10000 1 301 404527
10000 1 468 405160
10000 1 887 398194
10000 1 645 397266
10000 1 83 396993
