1000 1 48 28
1000 1 81 28
1000 1 40 20
1000 1 32 23
1000 1 14 19
1000 1 19 21
1000 1 68 25
1000 1 21 21
1000 1 14 20
1000 1 65 24
1100 1 38 27
1100 1 36 25
1100 1 11 25
1100 1 63 28
1100 1 52 27
1100 1 45 24
1100 1 62 29
1100 1 81 31
1100 1 9 25
1100 1 11 23
1200 1 57 32
1200 1 72 31
1200 1 28 30
1200 1 3 26
1200 1 28 25
1200 1 33 27
1200 1 53 33
1200 1 42 35
1200 1 7 27
1200 1 108 34
1300 1 56 29
1300 1 31 29
1300 1 67 31
1300 1 89 35
1300 1 56 32
1300 1 15 26
1300 1 5 22
1300 1 105 41
1300 1 49 30
1300 1 33 29
1400 1 68 33
1400 1 64 35
1400 1 88 37
1400 1 87 36
1400 1 27 26
1400 1 51 34
1400 1 33 32
1400 1 13 33
1400 1 95 36
1400 1 73 35
1500 1 83 39
1500 1 24 35
1500 1 141 42
1500 1 12 36
1500 1 50 37
1500 1 78 37
1500 1 52 35
1500 1 41 39
1500 1 41 34
1500 1 105 39
1600 1 36 43
1600 1 48 42
1600 1 36 41
1600 1 29 43
1600 1 53 44
1600 1 105 44
1600 1 87 41
1600 1 15 42
1600 1 29 34
1600 1 8 38
1700 1 63 44
1700 1 16 45
1700 1 83 42
1700 1 122 45
1700 1 79 45
1700 1 193 44
1700 1 129 42
1700 1 161 47
1700 1 17 46
1700 1 50 41
1800 1 118 46
1800 1 183 46
1800 1 11 46
1800 1 55 48
1800 1 116 49
1800 1 86 50
1800 1 89 44
1800 1 103 48
1800 1 34 51
1800 1 174 51
1900 1 76 55
1900 1 50 48
1900 1 66 47
1900 1 154 53
1900 1 36 49
1900 1 87 55
1900 1 80 56
1900 1 10 49
1900 1 129 53
1900 1 133 50
2000 1 133 45
2000 1 147 58
2000 1 181 54
2000 1 41 45
2000 1 91 53
2000 1 54 56
2000 1 127 49
2000 1 92 57
2000 1 138 56
2000 1 99 56
2100 1 147 61
2100 1 193 56
2100 1 103 61
2100 1 7 58
2100 1 62 60
2100 1 8 62
2100 1 155 60
2100 1 91 64
2100 1 24 50
2100 1 152 59
2200 1 128 60
2200 1 174 62
2200 1 104 66
2200 1 213 66
2200 1 32 71
2200 1 100 65
2200 1 58 61
2200 1 132 54
2200 1 147 65
2200 1 94 61
2300 1 70 64
2300 1 171 65
2300 1 176 65
2300 1 27 60
2300 1 142 62
2300 1 179 73
2300 1 134 68
2300 1 61 69
2300 1 192 69
2300 1 223 74
2400 1 119 67
2400 1 47 66
2400 1 17 70
2400 1 65 66
2400 1 170 67
2400 1 91 66
2400 1 263 68
2400 1 247 68
2400 1 229 68
2400 1 215 69
2500 1 77 64
2500 1 182 68
2500 1 193 71
2500 1 97 61
2500 1 85 60
2500 1 138 68
2500 1 217 72
2500 1 259 59
2500 1 178 72
2500 1 266 75
2600 1 289 77
2600 1 211 72
2600 1 225 77
2600 1 138 77
2600 1 142 80
2600 1 100 77
2600 1 266 73
2600 1 38 78
2600 1 266 77
2600 1 77 82
2700 1 185 65
2700 1 130 75
2700 1 185 80
2700 1 276 74
2700 1 149 77
2700 1 251 77
2700 1 145 68
2700 1 114 79
2700 1 239 79
2700 1 63 78
2800 1 262 73
2800 1 35 75
2800 1 63 85
2800 1 80 85
2800 1 209 81
2800 1 125 85
2800 1 367 84
2800 1 259 83
2800 1 199 92
2800 1 67 83
2900 1 238 87
2900 1 266 78
2900 1 51 83
2900 1 29 88
2900 1 141 83
2900 1 33 88
2900 1 92 100
2900 1 303 87
2900 1 363 85
2900 1 32 106
3000 1 215 83
3000 1 276 88
3000 1 148 89
3000 1 128 82
3000 1 319 95
3000 1 92 83
3000 1 128 84
3000 1 164 84
3000 1 271 85
3000 1 237 79
3100 1 118 82
3100 1 23 90
3100 1 234 85
3100 1 139 88
3100 1 61 82
3100 1 346 90
3100 1 197 85
3100 1 59 86
3100 1 37 94
3100 1 118 107
3200 1 212 84
3200 1 238 95
3200 1 176 86
3200 1 142 87
3200 1 50 87
3200 1 163 78
3200 1 88 98
3200 1 18 82
3200 1 128 85
3200 1 125 86
3300 1 52 142
3300 1 414 100
3300 1 331 93
3300 1 9 99
3300 1 62 93
3300 1 7 87
3300 1 105 91
3300 1 106 81
3300 1 14 82
3300 1 309 92
3400 1 314 89
3400 1 13 101
3400 1 67 94
3400 1 12 86
3400 1 254 93
3400 1 225 99
3400 1 81 91
3400 1 56 95
3400 1 310 101
3400 1 226 102
3500 1 96 112
3500 1 298 103
3500 1 132 98
3500 1 22 108
3500 1 60 104
3500 1 286 95
3500 1 314 95
3500 1 193 101
3500 1 398 92
3500 1 140 97
3600 1 322 115
3600 1 110 99
3600 1 378 96
3600 1 164 99
3600 1 303 102
3600 1 79 96
3600 1 94 98
3600 1 29 89
3600 1 12 119
3600 1 227 103
3700 1 297 107
3700 1 255 92
3700 1 73 117
3700 1 9 104
3700 1 27 110
3700 1 152 92
3700 1 110 98
3700 1 444 104
3700 1 358 114
3700 1 404 120
3800 1 387 107
3800 1 354 96
3800 1 266 108
3800 1 361 115
3800 1 312 105
3800 1 9 104
3800 1 299 104
3800 1 344 90
3800 1 20 102
3800 1 220 97
3900 1 442 111
3900 1 372 111
3900 1 205 114
3900 1 50 109
3900 1 291 105
3900 1 407 109
3900 1 88 127
3900 1 363 107
3900 1 427 110
3900 1 160 116
4000 1 353 122
4000 1 120 118
4000 1 12 110
4000 1 205 111
4000 1 80 114
4000 1 134 160
4000 1 312 111
4000 1 107 109
4000 1 235 102
4000 1 151 111
4100 1 72 128
4100 1 234 108
4100 1 165 128
4100 1 11 130
4100 1 271 119
4100 1 564 123
4100 1 130 117
4100 1 285 123
4100 1 227 155
4100 1 317 118
4200 1 112 128
4200 1 116 123
4200 1 33 148
4200 1 326 140
4200 1 26 126
4200 1 283 129
4200 1 361 121
4200 1 129 126
4200 1 197 120
4200 1 324 131
4300 1 188 170
4300 1 214 147
4300 1 22 139
4300 1 69 130
4300 1 397 136
4300 1 551 166
4300 1 277 135
4300 1 18 149
4300 1 284 135
4300 1 124 123
4400 1 469 128
4400 1 458 136
4400 1 320 120
4400 1 247 131
4400 1 204 131
4400 1 364 146
4400 1 358 122
4400 1 280 127
4400 1 274 134
4400 1 485 128
4500 1 302 163
4500 1 172 139
4500 1 72 140
4500 1 54 165
4500 1 406 140
4500 1 523 145
4500 1 560 138
4500 1 595 143
4500 1 328 132
4500 1 177 136
4600 1 312 138
4600 1 395 142
4600 1 10 141
4600 1 423 145
4600 1 28 158
4600 1 180 155
4600 1 590 141
4600 1 663 147
4600 1 391 139
4600 1 278 145
4700 1 278 143
4700 1 578 141
4700 1 27 149
4700 1 115 163
4700 1 150 133
4700 1 30 162
4700 1 222 145
4700 1 404 128
4700 1 575 142
4700 1 373 136
4800 1 499 147
4800 1 557 146
4800 1 262 144
4800 1 167 158
4800 1 139 152
4800 1 22 153
4800 1 560 134
4800 1 411 142
4800 1 271 150
4800 1 299 149
4900 1 397 147
4900 1 816 145
4900 1 126 167
4900 1 222 143
4900 1 82 145
4900 1 705 155
4900 1 337 150
4900 1 165 158
4900 1 378 156
4900 1 547 157
5000 1 327 143
5000 1 605 144
5000 1 581 167
5000 1 720 152
5000 1 593 152
5000 1 89 159
5000 1 253 192
5000 1 97 239
5000 1 250 159
5000 1 159 151
5100 1 310 166
5100 1 522 157
5100 1 468 157
5100 1 225 157
5100 1 285 159
5100 1 220 158
5100 1 203 160
5100 1 363 153
5100 1 268 156
5100 1 233 132
5200 1 92 165
5200 1 593 165
5200 1 464 187
5200 1 600 193
5200 1 128 158
5200 1 469 157
5200 1 122 161
5200 1 407 149
5200 1 9 169
5200 1 209 161
5300 1 386 162
5300 1 172 145
5300 1 291 156
5300 1 138 152
5300 1 207 162
5300 1 625 155
5300 1 395 160
5300 1 73 165
5300 1 582 168
5300 1 240 157
5400 1 300 164
5400 1 523 159
5400 1 170 170
5400 1 286 164
5400 1 630 162
5400 1 216 161
5400 1 308 162
5400 1 567 139
5400 1 576 171
5400 1 705 156
5500 1 702 168
5500 1 171 166
5500 1 526 170
5500 1 675 166
5500 1 280 162
5500 1 58 174
5500 1 175 164
5500 1 105 162
5500 1 722 181
5500 1 180 254
5600 1 72 175
5600 1 350 171
5600 1 533 162
5600 1 70 207
5600 1 294 169
5600 1 351 170
5600 1 194 175
5600 1 282 170
5600 1 425 160
5600 1 83 171
5700 1 366 167
5700 1 224 177
5700 1 310 170
5700 1 93 179
5700 1 287 172
5700 1 189 168
5700 1 39 176
5700 1 379 178
5700 1 99 189
5700 1 742 192
5800 1 514 173
5800 1 597 170
5800 1 153 186
5800 1 178 147
5800 1 791 189
5800 1 240 181
5800 1 798 142
5800 1 683 175
5800 1 524 175
5800 1 275 188
5900 1 415 189
5900 1 455 168
5900 1 204 190
5900 1 488 187
5900 1 328 182
5900 1 178 190
5900 1 694 209
5900 1 797 185
5900 1 599 177
5900 1 71 181
6000 1 276 190
6000 1 314 188
6000 1 790 183
6000 1 348 169
6000 1 480 165
6000 1 143 189
6000 1 412 189
6000 1 184 172
6000 1 346 184
6000 1 22 186
6100 1 440 168
6100 1 202 190
6100 1 174 198
6100 1 333 186
6100 1 377 204
6100 1 429 187
6100 1 38 191
6100 1 442 187
6100 1 891 196
6100 1 680 189
6200 1 197 203
6200 1 393 183
6200 1 813 188
6200 1 370 194
6200 1 637 185
6200 1 134 185
6200 1 163 190
6200 1 158 195
6200 1 755 181
6200 1 166 208
6300 1 422 194
6300 1 424 197
6300 1 615 198
6300 1 13 201
6300 1 291 190
6300 1 618 196
6300 1 237 204
6300 1 565 222
6300 1 368 194
6300 1 606 164
6400 1 204 199
6400 1 45 209
6400 1 104 237
6400 1 530 191
6400 1 801 196
6400 1 162 175
6400 1 644 198
6400 1 490 184
6400 1 244 213
6400 1 368 192
6500 1 121 213
6500 1 87 204
6500 1 165 199
6500 1 255 200
6500 1 582 197
6500 1 587 210
6500 1 438 206
6500 1 244 187
6500 1 569 205
6500 1 696 177
6600 1 197 208
6600 1 82 231
6600 1 951 195
6600 1 394 218
6600 1 554 204
6600 1 238 194
6600 1 819 198
6600 1 713 198
6600 1 286 205
6600 1 163 222
6700 1 356 216
6700 1 526 203
6700 1 130 216
6700 1 482 206
6700 1 224 203
6700 1 123 211
6700 1 500 195
6700 1 120 214
6700 1 180 204
6700 1 1008 221
6800 1 266 206
6800 1 628 234
6800 1 882 225
6800 1 476 205
6800 1 926 218
6800 1 294 201
6800 1 319 196
6800 1 247 221
6800 1 981 223
6800 1 638 218
6900 1 88 229
6900 1 142 204
6900 1 840 213
6900 1 245 216
6900 1 648 312
6900 1 686 211
6900 1 55 242
6900 1 426 200
6900 1 309 216
6900 1 66 217
7000 1 572 203
7000 1 170 226
7000 1 375 202
7000 1 396 235
7000 1 760 247
7000 1 709 232
7000 1 339 218
7000 1 255 234
7000 1 678 205
7000 1 214 216
7100 1 331 222
7100 1 507 205
7100 1 294 214
7100 1 606 201
7100 1 623 225
7100 1 379 196
7100 1 37 237
7100 1 576 219
7100 1 426 247
7100 1 397 224
7200 1 865 225
7200 1 633 221
7200 1 401 246
7200 1 832 226
7200 1 288 230
7200 1 467 214
7200 1 600 220
7200 1 271 224
7200 1 733 237
7200 1 609 229
7300 1 500 175
7300 1 962 220
7300 1 36 219
7300 1 614 211
7300 1 728 222
7300 1 785 212
7300 1 466 241
7300 1 109 222
7300 1 400 222
7300 1 485 218
7400 1 937 243
7400 1 712 227
7400 1 1054 244
7400 1 22 237
7400 1 257 243
7400 1 694 231
7400 1 68 237
7400 1 421 230
7400 1 939 264
7400 1 1092 236
7500 1 1168 254
7500 1 335 242
7500 1 765 229
7500 1 1048 237
7500 1 818 232
7500 1 180 243
7500 1 917 230
7500 1 863 223
7500 1 348 234
7500 1 753 211
7600 1 915 249
7600 1 206 242
7600 1 1133 254
7600 1 35 243
7600 1 500 232
7600 1 826 282
7600 1 816 203
7600 1 641 248
7600 1 1244 263
7600 1 526 232
7700 1 461 250
7700 1 398 230
7700 1 903 244
7700 1 875 245
7700 1 878 253
7700 1 1204 252
7700 1 728 240
7700 1 218 236
7700 1 485 248
7700 1 649 231
7800 1 525 236
7800 1 235 234
7800 1 50 248
7800 1 233 235
7800 1 922 236
7800 1 113 265
7800 1 400 264
7800 1 788 238
7800 1 407 246
7800 1 604 225
7900 1 69 228
7900 1 419 267
7900 1 199 241
7900 1 415 250
7900 1 153 253
7900 1 579 229
7900 1 710 232
7900 1 156 249
7900 1 95 254
7900 1 532 241
8000 1 130 252
8000 1 539 245
8000 1 668 250
8000 1 171 252
8000 1 828 264
8000 1 962 310
8000 1 11 239
8000 1 130 261
8000 1 431 239
8000 1 362 245
8100 1 609 280
8100 1 272 259
8100 1 1123 263
8100 1 965 284
8100 1 172 273
8100 1 639 264
8100 1 224 266
8100 1 1134 288
8100 1 360 256
8100 1 1087 274
8200 1 168 281
8200 1 206 290
8200 1 521 266
8200 1 869 280
8200 1 437 282
8200 1 96 256
8200 1 641 268
8200 1 1166 261
8200 1 21 340
8200 1 592 322
8300 1 517 312
8300 1 1238 302
8300 1 78 303
8300 1 355 280
8300 1 1019 288
8300 1 300 279
8300 1 557 299
8300 1 944 328
8300 1 320 405
8300 1 601 284
8400 1 338 269
8400 1 220 385
8400 1 733 281
8400 1 651 273
8400 1 903 277
8400 1 873 261
8400 1 258 283
8400 1 500 302
8400 1 532 272
8400 1 1061 279
8500 1 189 296
8500 1 263 291
8500 1 680 264
8500 1 936 274
8500 1 478 275
8500 1 407 280
8500 1 276 301
8500 1 737 274
8500 1 124 308
8500 1 281 261
8600 1 833 276
8600 1 315 338
8600 1 475 267
8600 1 243 298
8600 1 641 271
8600 1 903 271
8600 1 296 297
8600 1 59 283
8600 1 710 256
8600 1 189 286
8700 1 1185 285
8700 1 274 276
8700 1 174 283
8700 1 330 300
8700 1 337 288
8700 1 512 285
8700 1 382 294
8700 1 833 291
8700 1 524 284
8700 1 194 292
8800 1 119 364
8800 1 142 293
8800 1 1447 336
8800 1 931 331
8800 1 1158 294
8800 1 900 313
8800 1 573 269
8800 1 31 279
8800 1 1063 262
8800 1 335 284
8900 1 382 286
8900 1 659 282
8900 1 167 291
8900 1 1320 371
8900 1 414 313
8900 1 826 301
8900 1 266 288
8900 1 17 320
8900 1 1134 285
8900 1 370 277
9000 1 486 307
9000 1 95 341
9000 1 311 299
9000 1 1047 287
9000 1 136 305
9000 1 267 293
9000 1 959 287
9000 1 53 334
9000 1 220 306
9000 1 469 273
9100 1 529 300
9100 1 569 349
9100 1 764 267
9100 1 176 304
9100 1 639 290
9100 1 139 292
9100 1 822 410
9100 1 304 355
9100 1 802 314
9100 1 584 296
9200 1 147 318
9200 1 987 306
9200 1 438 311
9200 1 107 367
9200 1 188 299
9200 1 38 309
9200 1 1409 339
9200 1 1164 307
9200 1 785 285
9200 1 817 302
9300 1 57 330
9300 1 268 317
9300 1 757 330
9300 1 1484 358
9300 1 499 294
9300 1 70 334
9300 1 1332 332
9300 1 829 293
9300 1 48 309
9300 1 446 300
9400 1 328 304
9400 1 208 295
9400 1 197 306
9400 1 1148 314
9400 1 745 311
9400 1 763 298
9400 1 144 291
9400 1 532 303
9400 1 1054 316
9400 1 666 294
9500 1 184 309
9500 1 125 300
9500 1 1184 297
9500 1 100 332
9500 1 289 304
9500 1 721 308
9500 1 766 296
9500 1 201 297
9500 1 593 350
9500 1 599 307
9600 1 882 294
9600 1 696 313
9600 1 1516 364
9600 1 973 385
9600 1 895 357
9600 1 731 309
9600 1 687 325
9600 1 318 323
9600 1 902 294
9600 1 552 317
9700 1 659 317
9700 1 736 317
9700 1 421 304
9700 1 22 346
9700 1 1358 361
9700 1 1233 327
9700 1 319 302
9700 1 131 332
9700 1 324 334
9700 1 561 307
9800 1 1252 326
9800 1 15 357
9800 1 852 309
9800 1 702 319
9800 1 344 404
9800 1 351 315
9800 1 143 318
9800 1 901 337
9800 1 839 354
9800 1 216 368
9900 1 939 319
9900 1 143 315
9900 1 108 329
9900 1 266 354
9900 1 497 319
9900 1 21 333
9900 1 268 328
9900 1 1001 356
9900 1 729 331
9900 1 296 319
10000 1 364 329
10000 1 65 326
10000 1 446 350
10000 1 580 319
10000 1 694 312
10000 1 1525 338
10000 1 280 364
10000 1 49 322
10000 1 1524 373
10000 1 36 336
