100 1 1 9
100 1 1 2
100 1 2 1
100 1 5 2
100 1 0 2
100 1 0 2
100 1 1 2
100 1 4 1
100 1 5 1
100 1 0 1
110 1 7 2
110 1 4 2
110 1 2 2
110 1 2 2
110 1 6 2
110 1 4 2
110 1 4 1
110 1 6 2
110 1 1 2
110 1 3 2
120 1 3 2
120 1 1 2
120 1 1 2
120 1 4 2
120 1 1 2
120 1 0 2
120 1 2 1
120 1 1 2
120 1 7 2
120 1 1 2
130 1 2 3
130 1 1 2
130 1 5 3
130 1 8 3
130 1 4 3
130 1 10 3
130 1 7 3
130 1 1 2
130 1 9 3
130 1 3 3
140 1 8 3
140 1 1 3
140 1 7 3
140 1 4 3
140 1 2 3
140 1 1 3
140 1 3 8
140 1 7 3
140 1 6 4
140 1 3 5
150 1 12 5
150 1 3 3
150 1 3 3
150 1 3 3
150 1 7 2
150 1 4 3
150 1 4 5
150 1 1 3
150 1 9 4
150 1 0 2
160 1 6 3
160 1 3 3
160 1 6 3
160 1 3 3
160 1 1 3
160 1 2 3
160 1 5 3
160 1 4 3
160 1 2 3
160 1 1 3
170 1 13 3
170 1 9 4
170 1 10 4
170 1 2 3
170 1 4 3
170 1 2 3
170 1 2 3
170 1 12 3
170 1 6 3
170 1 2 3
180 1 10 4
180 1 10 4
180 1 1 3
180 1 8 4
180 1 3 4
180 1 3 3
180 1 1 3
180 1 10 4
180 1 6 4
180 1 3 3
190 1 7 4
190 1 6 4
190 1 4 3
190 1 2 4
190 1 12 4
190 1 4 4
190 1 1 3
190 1 15 5
190 1 6 3
190 1 8 4
200 1 1 4
200 1 5 3
200 1 7 3
200 1 2 4
200 1 15 4
200 1 4 4
200 1 6 3
200 1 13 5
200 1 9 4
200 1 4 4
210 1 3 3
210 1 3 4
210 1 10 4
210 1 1 4
210 1 2 3
210 1 9 4
210 1 12 5
210 1 8 4
210 1 2 4
210 1 8 4
220 1 5 4
220 1 10 4
220 1 15 5
220 1 12 5
220 1 12 5
220 1 11 4
220 1 7 4
220 1 15 5
220 1 10 4
220 1 4 4
230 1 5 4
230 1 2 4
230 1 1 4
230 1 10 5
230 1 2 3
230 1 6 3
230 1 16 4
230 1 4 4
230 1 2 4
230 1 9 4
240 1 13 4
240 1 10 5
240 1 5 4
240 1 14 5
240 1 4 3
240 1 6 4
240 1 17 6
240 1 5 5
240 1 11 5
240 1 7 4
250 1 4 4
250 1 14 5
250 1 7 5
250 1 11 5
250 1 17 6
250 1 7 5
250 1 15 5
250 1 6 4
250 1 10 4
250 1 17 5
260 1 6 6
260 1 12 6
260 1 11 6
260 1 1 4
260 1 13 6
260 1 6 6
260 1 4 5
260 1 14 6
260 1 4 4
260 1 11 6
270 1 10 6
270 1 11 6
270 1 3 5
270 1 13 6
270 1 11 6
270 1 8 5
270 1 5 4
270 1 9 5
270 1 7 5
270 1 6 6
280 1 8 6
280 1 2 5
280 1 14 6
280 1 16 6
280 1 4 6
280 1 4 11
280 1 3 5
280 1 11 6
280 1 19 7
280 1 2 5
290 1 13 7
290 1 15 6
290 1 15 7
290 1 13 6
290 1 9 5
290 1 9 6
290 1 5 6
290 1 4 5
290 1 5 6
290 1 4 5
300 1 3 5
300 1 1 5
300 1 8 6
300 1 3 6
300 1 16 7
300 1 12 6
300 1 10 6
300 1 4 5
300 1 10 5
300 1 1 5
310 1 13 7
310 1 12 7
310 1 5 6
310 1 20 6
310 1 2 5
310 1 9 7
310 1 3 4
310 1 12 7
310 1 22 7
310 1 22 7
320 1 1 6
320 1 16 7
320 1 22 8
320 1 11 6
320 1 20 7
320 1 26 7
320 1 3 6
320 1 17 7
320 1 5 6
320 1 8 6
330 1 16 7
330 1 14 7
330 1 16 7
330 1 1 6
330 1 10 6
330 1 29 9
330 1 5 7
330 1 6 6
330 1 8 6
330 1 8 7
340 1 7 7
340 1 27 8
340 1 18 8
340 1 8 7
340 1 13 6
340 1 10 7
340 1 25 8
340 1 2 6
340 1 3 6
340 1 3 6
350 1 19 7
350 1 19 8
350 1 14 8
350 1 8 6
350 1 15 7
350 1 2 6
350 1 21 7
350 1 6 7
350 1 7 12
350 1 23 9
360 1 1 5
360 1 3 6
360 1 5 7
360 1 14 8
360 1 6 7
360 1 9 8
360 1 7 7
360 1 27 8
360 1 12 8
360 1 17 8
370 1 12 8
370 1 5 7
370 1 15 8
370 1 9 8
370 1 3 7
370 1 9 8
370 1 25 8
370 1 25 9
370 1 8 7
370 1 2 7
380 1 5 7
380 1 14 8
380 1 10 8
380 1 6 7
380 1 22 7
380 1 10 7
380 1 20 9
380 1 16 7
380 1 30 9
380 1 24 8
390 1 22 9
390 1 26 8
390 1 29 10
390 1 28 9
390 1 18 9
390 1 6 7
390 1 24 9
390 1 20 8
390 1 3 7
390 1 14 8
400 1 19 9
400 1 15 8
400 1 7 8
400 1 11 8
400 1 9 8
400 1 3 5
400 1 5 7
400 1 2 7
400 1 2 7
400 1 11 8
410 1 5 7
410 1 3 7
410 1 3 8
410 1 10 8
410 1 13 9
410 1 16 8
410 1 28 10
410 1 9 8
410 1 24 8
410 1 6 8
420 1 31 10
420 1 30 9
420 1 10 9
420 1 23 8
420 1 17 8
420 1 6 7
420 1 13 9
420 1 21 9
420 1 37 10
420 1 13 7
430 1 10 7
430 1 8 8
430 1 11 8
430 1 19 9
430 1 7 8
430 1 10 7
430 1 6 8
430 1 29 11
430 1 29 10
430 1 14 9
440 1 12 8
440 1 11 8
440 1 8 9
440 1 7 8
440 1 9 8
440 1 10 8
440 1 24 8
440 1 5 8
440 1 10 9
440 1 23 7
450 1 7 8
450 1 7 7
450 1 16 8
450 1 3 7
450 1 24 10
450 1 2 8
450 1 11 8
450 1 37 11
450 1 3 9
450 1 4 7
460 1 18 10
460 1 25 9
460 1 12 9
460 1 7 8
460 1 21 9
460 1 20 10
460 1 2 8
460 1 4 9
460 1 8 8
460 1 37 11
470 1 35 12
470 1 11 9
470 1 16 10
470 1 4 9
470 1 2 8
470 1 12 10
470 1 11 10
470 1 30 11
470 1 3 7
470 1 6 8
480 1 15 9
480 1 29 11
480 1 8 8
480 1 26 9
480 1 15 9
480 1 20 10
480 1 19 11
480 1 27 11
480 1 33 9
480 1 15 9
490 1 3 8
490 1 17 10
490 1 4 9
490 1 6 8
490 1 41 11
490 1 14 9
490 1 25 11
490 1 6 9
490 1 25 11
490 1 24 12
500 1 1 8
500 1 26 11
500 1 34 12
500 1 8 9
500 1 35 11
500 1 3 8
500 1 24 11
500 1 33 12
500 1 12 8
500 1 11 9
510 1 12 10
510 1 16 7
510 1 32 12
510 1 6 10
510 1 10 10
510 1 13 8
510 1 17 10
510 1 13 9
510 1 13 10
510 1 24 11
520 1 30 13
520 1 3 10
520 1 30 12
520 1 31 12
520 1 2 7
520 1 41 11
520 1 31 12
520 1 10 10
520 1 14 9
520 1 9 10
530 1 17 11
530 1 43 14
530 1 1 9
530 1 2 9
530 1 27 12
530 1 8 10
530 1 43 14
530 1 13 12
530 1 17 12
530 1 25 12
540 1 11 11
540 1 6 10
540 1 4 11
540 1 32 12
540 1 40 14
540 1 6 11
540 1 18 11
540 1 9 11
540 1 27 12
540 1 14 9
550 1 13 10
550 1 22 12
550 1 14 10
550 1 16 11
550 1 42 13
550 1 10 10
550 1 38 14
550 1 4 11
550 1 37 12
550 1 27 13
560 1 46 15
560 1 44 14
560 1 15 12
560 1 19 11
560 1 6 10
560 1 3 10
560 1 5 10
560 1 1 10
560 1 22 12
560 1 21 11
570 1 4 10
570 1 29 12
570 1 35 13
570 1 20 12
570 1 4 10
570 1 1 10
570 1 6 11
570 1 12 11
570 1 12 11
570 1 34 13
580 1 4 9
580 1 8 10
580 1 10 10
580 1 3 11
580 1 27 12
580 1 39 15
580 1 36 14
580 1 13 11
580 1 8 12
580 1 19 12
590 1 7 11
590 1 19 12
590 1 17 12
590 1 3 10
590 1 7 10
590 1 9 8
590 1 22 13
590 1 9 11
590 1 7 11
590 1 25 12
600 1 36 14
600 1 33 14
600 1 1 11
600 1 53 16
600 1 26 14
600 1 18 12
600 1 39 15
600 1 36 14
600 1 32 13
600 1 35 15
610 1 3 11
610 1 6 11
610 1 39 15
610 1 25 13
610 1 7 11
610 1 3 11
610 1 26 14
610 1 29 13
610 1 6 11
610 1 7 11
620 1 15 12
620 1 42 15
620 1 14 12
620 1 7 12
620 1 27 15
620 1 28 15
620 1 10 11
620 1 40 15
620 1 18 13
620 1 15 11
630 1 2 9
630 1 2 11
630 1 6 12
630 1 55 14
630 1 30 14
630 1 11 11
630 1 37 16
630 1 15 11
630 1 29 14
630 1 37 14
640 1 15 14
640 1 16 13
640 1 34 14
640 1 48 16
640 1 13 12
640 1 4 13
640 1 32 15
640 1 2 11
640 1 11 12
640 1 8 12
650 1 10 13
650 1 16 13
650 1 34 16
650 1 7 12
650 1 58 18
650 1 45 16
650 1 20 15
650 1 12 12
650 1 4 11
650 1 5 10
660 1 49 16
660 1 1 12
660 1 40 17
660 1 12 11
660 1 6 13
660 1 16 12
660 1 47 22
660 1 13 14
660 1 20 14
660 1 21 14
670 1 46 16
670 1 29 15
670 1 35 16
670 1 33 15
670 1 8 14
670 1 39 14
670 1 9 12
670 1 17 14
670 1 22 13
670 1 37 16
680 1 45 16
680 1 5 11
680 1 3 12
680 1 9 12
680 1 13 12
680 1 10 10
680 1 50 16
680 1 7 13
680 1 58 18
680 1 42 14
690 1 6 14
690 1 35 16
690 1 51 15
690 1 3 12
690 1 29 16
690 1 12 13
690 1 24 13
690 1 25 15
690 1 16 12
690 1 9 13
700 1 3 10
700 1 14 13
700 1 18 15
700 1 13 14
700 1 6 18
700 1 22 15
700 1 28 16
700 1 23 13
700 1 51 17
700 1 45 18
710 1 21 15
710 1 54 14
710 1 37 16
710 1 20 14
710 1 4 13
710 1 28 15
710 1 3 12
710 1 4 12
710 1 43 16
710 1 18 14
720 1 30 14
720 1 42 16
720 1 20 15
720 1 5 12
720 1 34 15
720 1 22 15
720 1 56 19
720 1 5 14
720 1 31 16
720 1 15 14
730 1 22 14
730 1 41 17
730 1 31 17
730 1 33 15
730 1 11 14
730 1 25 15
730 1 31 15
730 1 9 13
730 1 11 13
730 1 15 15
740 1 60 17
740 1 8 14
740 1 39 15
740 1 29 16
740 1 45 17
740 1 32 17
740 1 21 13
740 1 35 17
740 1 39 16
740 1 39 16
750 1 57 20
750 1 7 14
750 1 51 17
750 1 23 14
750 1 12 14
750 1 37 17
750 1 25 17
750 1 3 14
750 1 21 15
750 1 54 19
760 1 35 18
760 1 16 16
760 1 13 15
760 1 11 15
760 1 50 19
760 1 31 17
760 1 6 13
760 1 26 19
760 1 35 24
760 1 14 16
770 1 54 17
770 1 22 16
770 1 42 18
770 1 36 18
770 1 26 17
770 1 63 21
770 1 46 17
770 1 24 15
770 1 21 16
770 1 39 18
780 1 7 16
780 1 14 16
780 1 8 15
780 1 34 17
780 1 40 17
780 1 15 14
780 1 47 18
780 1 3 14
780 1 58 20
780 1 26 17
790 1 18 16
790 1 16 16
790 1 5 14
790 1 53 19
790 1 27 17
790 1 34 18
790 1 4 15
790 1 55 20
790 1 25 16
790 1 49 19
800 1 7 15
800 1 16 15
800 1 41 19
800 1 10 14
800 1 5 16
800 1 25 17
800 1 44 18
800 1 19 17
800 1 19 16
800 1 39 17
810 1 52 21
810 1 15 14
810 1 10 16
810 1 8 15
810 1 37 16
810 1 58 21
810 1 21 18
810 1 29 18
810 1 8 15
810 1 23 14
820 1 57 21
820 1 8 16
820 1 4 16
820 1 17 16
820 1 45 18
820 1 54 21
820 1 17 16
820 1 50 20
820 1 7 15
820 1 49 19
830 1 32 19
830 1 31 18
830 1 44 19
830 1 71 20
830 1 13 14
830 1 10 15
830 1 20 17
830 1 10 15
830 1 5 14
830 1 69 21
840 1 18 16
840 1 7 15
840 1 29 18
840 1 18 17
840 1 44 20
840 1 16 17
840 1 21 16
840 1 27 18
840 1 33 19
840 1 34 18
850 1 45 20
850 1 46 19
850 1 12 15
850 1 61 22
850 1 22 17
850 1 37 20
850 1 32 22
850 1 60 22
850 1 12 16
850 1 19 21
860 1 55 20
860 1 26 19
860 1 26 19
860 1 22 15
860 1 20 17
860 1 14 17
860 1 32 19
860 1 2 15
860 1 76 21
860 1 2 15
870 1 23 18
870 1 29 16
870 1 8 16
870 1 25 18
870 1 63 21
870 1 19 18
870 1 12 17
870 1 7 17
870 1 4 16
870 1 9 17
880 1 11 16
880 1 9 17
880 1 49 21
880 1 10 16
880 1 10 17
880 1 18 17
880 1 36 19
880 1 22 19
880 1 58 22
880 1 3 16
890 1 79 23
890 1 42 21
890 1 51 20
890 1 10 19
890 1 26 16
890 1 26 18
890 1 55 21
890 1 5 16
890 1 45 21
890 1 63 23
900 1 2 16
900 1 39 20
900 1 21 19
900 1 30 18
900 1 53 21
900 1 3 13
900 1 63 21
900 1 60 23
900 1 3 15
900 1 42 20
910 1 47 22
910 1 31 20
910 1 20 18
910 1 22 14
910 1 54 20
910 1 26 16
910 1 62 22
910 1 78 29
910 1 22 19
910 1 18 17
920 1 18 16
920 1 10 17
920 1 47 22
920 1 18 18
920 1 16 13
920 1 32 19
920 1 40 21
920 1 54 23
920 1 16 19
920 1 38 21
930 1 13 16
930 1 55 21
930 1 5 19
930 1 13 18
930 1 12 18
930 1 65 20
930 1 25 19
930 1 22 18
930 1 20 19
930 1 7 17
940 1 35 19
940 1 11 17
940 1 31 17
940 1 47 22
940 1 26 19
940 1 29 21
940 1 16 15
940 1 43 22
940 1 42 20
940 1 4 18
950 1 34 21
950 1 5 15
950 1 61 23
950 1 41 22
950 1 7 18
950 1 3 18
950 1 12 19
950 1 25 19
950 1 32 20
950 1 41 21
960 1 23 18
960 1 16 19
960 1 14 19
960 1 13 25
960 1 47 19
960 1 24 18
960 1 63 21
960 1 41 20
960 1 21 17
960 1 56 23
970 1 29 20
970 1 32 22
970 1 7 18
970 1 6 18
970 1 60 25
970 1 49 21
970 1 47 23
970 1 9 18
970 1 76 25
970 1 29 20
980 1 74 25
980 1 32 18
980 1 19 22
980 1 5 20
980 1 54 30
980 1 4 19
980 1 58 25
980 1 11 20
980 1 53 24
980 1 57 24
990 1 37 24
990 1 30 19
990 1 19 21
990 1 14 26
990 1 28 21
990 1 59 24
990 1 90 28
990 1 30 22
990 1 77 26
990 1 82 27
1000 1 42 23
1000 1 51 25
1000 1 41 32
1000 1 88 27
1000 1 20 24
1000 1 52 29
1000 1 64 22
1000 1 68 24
1000 1 78 25
1000 1 53 25
