10 1 0 2
10 1 0 1
10 1 0 1
10 1 0 1
10 1 0 1
10 1 0 1
10 1 0 1
10 1 0 1
10 1 0 1
10 1 0 1
10 1 0 1
10 1 0 1
10 1 0 1
10 1 0 1
10 1 0 1
10 1 0 1
10 1 0 1
10 1 0 1
10 1 0 1
10 1 0 1
20 1 0 2
20 1 1 3
20 1 0 3
20 1 0 3
20 1 0 2
20 1 0 2
20 1 0 2
20 1 2 4
20 1 0 3
20 1 1 2
20 1 0 2
20 1 0 2
20 1 1 2
20 1 0 2
20 1 0 2
20 1 0 2
20 1 0 2
20 1 0 2
20 1 0 2
20 1 0 2
30 1 0 3
30 1 1 8
30 1 1 3
30 1 1 3
30 1 0 3
30 1 0 3
30 1 0 3
30 1 0 3
30 1 1 3
30 1 1 3
30 1 0 3
30 1 0 3
30 1 1 3
30 1 0 3
30 1 0 3
30 1 1 3
30 1 0 3
30 1 0 3
30 1 0 3
30 1 0 7
40 1 0 5
40 1 1 5
40 1 0 5
40 1 0 5
40 1 1 5
40 1 1 5
40 1 1 5
40 1 1 5
40 1 0 5
40 1 1 5
40 1 2 5
40 1 1 5
40 1 0 5
40 1 1 5
40 1 0 5
40 1 1 5
40 1 2 4
40 1 1 5
40 1 2 5
40 1 0 5
50 1 3 16
50 1 1 16
50 1 1 15
50 1 3 16
50 1 1 20
50 1 1 15
50 1 0 16
50 1 1 16
50 1 0 16
50 1 1 15
50 1 0 16
50 1 1 16
50 1 0 16
50 1 1 27
50 1 2 16
50 1 0 15
50 1 2 15
50 1 0 16
50 1 2 15
50 1 0 15
60 1 1 21
60 1 3 20
60 1 1 20
60 1 0 21
60 1 3 21
60 1 2 21
60 1 0 22
60 1 1 21
60 1 0 19
60 1 0 21
60 1 1 19
60 1 0 19
60 1 1 20
60 1 2 21
60 1 1 21
60 1 0 21
60 1 0 21
60 1 1 21
60 1 2 21
60 1 1 20
70 1 0 25
70 1 1 28
70 1 1 28
70 1 2 27
70 1 4 28
70 1 3 27
70 1 3 26
70 1 1 27
70 1 1 28
70 1 3 28
70 1 0 27
70 1 2 28
70 1 0 28
70 1 2 27
70 1 0 28
70 1 0 27
70 1 1 27
70 1 0 26
70 1 7 26
70 1 2 26
80 1 1 35
80 1 1 34
80 1 2 48
80 1 1 33
80 1 5 33
80 1 1 34
80 1 2 33
80 1 1 34
80 1 1 33
80 1 1 33
80 1 3 33
80 1 1 34
80 1 3 33
80 1 3 33
80 1 2 34
80 1 2 33
80 1 1 33
80 1 1 33
80 1 1 34
80 1 0 34
90 1 5 41
90 1 2 42
90 1 3 40
90 1 2 42
90 1 1 41
90 1 2 40
90 1 3 35
90 1 5 41
90 1 1 41
90 1 4 42
90 1 4 40
90 1 1 41
90 1 2 42
90 1 3 41
90 1 1 41
90 1 0 41
90 1 3 42
90 1 2 41
90 1 2 41
90 1 1 41
100 1 3 50
100 1 4 47
100 1 0 49
100 1 0 49
100 1 5 49
100 1 3 51
100 1 1 49
100 1 1 48
100 1 1 49
100 1 1 48
100 1 5 48
100 1 2 49
100 1 4 49
100 1 3 50
100 1 5 48
100 1 6 48
100 1 4 47
100 1 4 49
100 1 4 49
100 1 1 48
110 1 3 52
110 1 7 58
110 1 3 62
110 1 1 58
110 1 5 59
110 1 0 58
110 1 1 61
110 1 4 58
110 1 2 55
110 1 6 58
110 1 1 59
110 1 1 57
110 1 1 57
110 1 1 59
110 1 2 59
110 1 1 57
110 1 2 56
110 1 2 57
110 1 5 58
110 1 1 58
120 1 6 66
120 1 2 69
120 1 7 67
120 1 5 67
120 1 3 68
120 1 7 65
120 1 1 61
120 1 1 62
120 1 3 66
120 1 2 67
120 1 0 68
120 1 1 62
120 1 7 67
120 1 3 66
120 1 2 68
120 1 5 68
120 1 5 75
120 1 2 58
120 1 1 69
120 1 0 68
130 1 1 79
130 1 4 80
130 1 3 81
130 1 2 80
130 1 3 73
130 1 0 83
130 1 1 79
130 1 5 77
130 1 4 77
130 1 1 79
130 1 6 77
130 1 1 80
130 1 5 79
130 1 5 79
130 1 1 76
130 1 1 84
130 1 6 75
130 1 4 79
130 1 3 79
130 1 3 79
140 1 7 88
140 1 1 91
140 1 8 91
140 1 5 90
140 1 3 90
140 1 4 92
140 1 5 90
140 1 3 90
140 1 3 90
140 1 5 89
140 1 7 88
140 1 3 90
140 1 3 90
140 1 4 87
140 1 0 90
140 1 8 89
140 1 5 91
140 1 4 90
140 1 6 84
140 1 4 91
150 1 4 105
150 1 5 99
150 1 10 95
150 1 11 102
150 1 6 93
150 1 7 99
150 1 1 106
150 1 10 94
150 1 6 106
150 1 4 87
150 1 2 96
150 1 4 105
150 1 3 106
150 1 4 100
150 1 2 108
150 1 3 103
150 1 6 103
150 1 10 103
150 1 2 86
150 1 1 113
160 1 10 113
160 1 7 120
160 1 4 114
160 1 10 116
160 1 5 117
160 1 7 109
160 1 2 110
160 1 5 119
160 1 6 112
160 1 2 111
160 1 1 111
160 1 4 112
160 1 4 115
160 1 5 115
160 1 3 117
160 1 4 120
160 1 1 114
160 1 10 99
160 1 11 110
160 1 8 115
170 1 2 130
170 1 10 121
170 1 9 119
170 1 1 122
170 1 2 157
170 1 1 131
170 1 1 160
170 1 3 127
170 1 1 121
170 1 6 127
170 1 1 127
170 1 13 110
170 1 11 112
170 1 7 129
170 1 2 127
170 1 5 117
170 1 5 108
170 1 3 127
170 1 3 125
170 1 7 126
180 1 7 143
180 1 4 145
180 1 5 142
180 1 2 137
180 1 7 138
180 1 2 131
180 1 2 134
180 1 4 143
180 1 7 124
180 1 7 143
180 1 2 134
180 1 4 142
180 1 2 136
180 1 0 138
180 1 3 128
180 1 4 135
180 1 6 128
180 1 4 137
180 1 1 134
180 1 5 138
190 1 1 155
190 1 3 158
190 1 1 157
190 1 7 155
190 1 4 157
190 1 2 155
190 1 8 153
190 1 7 153
190 1 3 154
190 1 7 143
190 1 5 156
190 1 3 145
190 1 2 156
190 1 5 157
190 1 3 149
190 1 6 147
190 1 8 151
190 1 3 153
190 1 4 143
190 1 1 151
200 1 8 174
200 1 7 154
200 1 10 173
200 1 1 173
200 1 4 162
200 1 5 176
200 1 2 158
200 1 6 172
200 1 1 160
200 1 9 164
200 1 3 171
200 1 10 160
200 1 4 176
200 1 1 170
200 1 1 162
200 1 7 175
200 1 7 167
200 1 1 172
200 1 1 173
200 1 5 170
210 1 13 189
210 1 1 170
210 1 10 191
210 1 1 189
210 1 6 195
210 1 3 188
210 1 15 176
210 1 6 180
210 1 1 181
210 1 5 190
210 1 14 177
210 1 0 182
210 1 7 169
210 1 2 182
210 1 1 190
210 1 1 189
210 1 13 181
210 1 5 169
210 1 2 175
210 1 4 189
220 1 1 198
220 1 10 183
220 1 6 213
220 1 1 204
220 1 7 207
220 1 3 185
220 1 1 175
220 1 2 197
220 1 5 205
220 1 17 181
220 1 13 201
220 1 8 210
220 1 4 202
220 1 2 195
220 1 3 207
220 1 5 201
220 1 10 205
220 1 2 206
220 1 11 194
220 1 4 202
230 1 13 190
230 1 3 206
230 1 7 202
230 1 12 203
230 1 2 211
230 1 7 206
230 1 10 195
230 1 4 224
230 1 2 224
230 1 3 223
230 1 4 221
230 1 2 209
230 1 4 231
230 1 15 225
230 1 7 211
230 1 8 199
230 1 2 226
230 1 1 208
230 1 6 214
230 1 10 223
240 1 1 223
240 1 5 234
240 1 4 239
240 1 1 249
240 1 10 230
240 1 14 247
240 1 13 221
240 1 6 244
240 1 2 225
240 1 10 236
240 1 6 225
240 1 2 242
240 1 2 256
240 1 3 248
240 1 2 239
240 1 1 225
240 1 5 219
240 1 16 242
240 1 3 235
240 1 12 240
250 1 12 254
250 1 3 252
250 1 3 261
250 1 17 230
250 1 10 241
250 1 3 262
250 1 4 226
250 1 11 254
250 1 1 260
250 1 7 243
250 1 10 255
250 1 11 245
250 1 2 231
250 1 4 244
250 1 12 260
250 1 10 255
250 1 20 246
250 1 14 251
250 1 7 246
250 1 4 261
260 1 10 261
260 1 7 272
260 1 13 264
260 1 9 285
260 1 15 275
260 1 14 275
260 1 4 279
260 1 18 270
260 1 15 265
260 1 3 247
260 1 5 280
260 1 15 274
260 1 11 247
260 1 2 258
260 1 5 274
260 1 8 252
260 1 10 253
260 1 9 249
260 1 3 248
260 1 3 283
270 1 6 295
270 1 1 299
270 1 4 264
270 1 7 276
270 1 4 266
270 1 12 281
270 1 4 301
270 1 13 291
270 1 20 263
270 1 12 281
270 1 13 280
270 1 22 276
270 1 8 317
270 1 12 307
270 1 7 266
270 1 17 303
270 1 4 264
270 1 13 270
270 1 5 260
270 1 4 270
280 1 10 303
280 1 1 314
280 1 13 304
280 1 2 293
280 1 12 274
280 1 14 296
280 1 7 309
280 1 14 315
280 1 3 329
280 1 6 325
280 1 9 307
280 1 11 325
280 1 9 291
280 1 11 300
280 1 7 288
280 1 17 314
280 1 15 285
280 1 20 310
280 1 16 318
280 1 17 294
290 1 8 332
290 1 12 331
290 1 9 301
290 1 10 298
290 1 1 333
290 1 5 335
290 1 21 336
290 1 19 342
290 1 14 321
290 1 11 321
290 1 5 298
290 1 1 319
290 1 9 327
290 1 23 289
290 1 1 301
290 1 6 320
290 1 1 314
290 1 6 333
290 1 1 298
290 1 10 300
300 1 4 370
300 1 11 329
300 1 9 357
300 1 12 339
300 1 7 328
300 1 1 361
300 1 12 394
300 1 9 334
300 1 1 385
300 1 1 361
300 1 3 316
300 1 10 320
300 1 7 315
300 1 8 327
300 1 3 306
300 1 4 364
300 1 5 398
300 1 6 345
300 1 13 367
300 1 1 338
310 1 17 345
310 1 18 345
310 1 13 379
310 1 13 438
310 1 23 400
310 1 22 402
310 1 6 358
310 1 2 376
310 1 16 360
310 1 2 382
310 1 4 337
310 1 20 339
310 1 6 354
310 1 8 342
310 1 3 387
310 1 20 361
310 1 6 357
310 1 16 361
310 1 3 379
310 1 25 328
320 1 11 348
320 1 18 396
320 1 9 411
320 1 2 399
320 1 12 372
320 1 9 372
320 1 12 356
320 1 12 425
320 1 4 422
320 1 13 401
320 1 8 419
320 1 6 377
320 1 22 357
320 1 5 410
320 1 6 380
320 1 2 427
320 1 18 394
320 1 15 370
320 1 5 384
320 1 15 416
330 1 26 432
330 1 2 387
330 1 14 424
330 1 12 404
330 1 15 432
330 1 12 393
330 1 5 401
330 1 8 441
330 1 11 414
330 1 19 443
330 1 9 389
330 1 14 425
330 1 2 396
330 1 21 434
330 1 13 375
330 1 16 387
330 1 8 390
330 1 17 428
330 1 3 382
330 1 10 408
340 1 12 429
340 1 6 394
340 1 28 449
340 1 14 457
340 1 15 421
340 1 21 408
340 1 12 401
340 1 9 412
340 1 4 457
340 1 23 417
340 1 1 424
340 1 21 460
340 1 16 402
340 1 7 435
340 1 4 421
340 1 8 407
340 1 6 421
340 1 17 385
340 1 12 399
340 1 17 418
350 1 5 430
350 1 3 437
350 1 22 419
350 1 21 441
350 1 4 414
350 1 13 426
350 1 5 447
350 1 25 449
350 1 15 434
350 1 7 443
350 1 2 455
350 1 3 440
350 1 21 464
350 1 8 612
350 1 13 422
350 1 22 416
350 1 8 457
350 1 2 414
350 1 10 446
350 1 16 432
360 1 2 443
360 1 11 449
360 1 3 484
360 1 3 483
360 1 11 433
360 1 18 463
360 1 18 443
360 1 6 453
360 1 8 461
360 1 15 467
360 1 13 462
360 1 15 517
360 1 8 481
360 1 11 439
360 1 3 462
360 1 17 442
360 1 23 479
360 1 16 454
360 1 6 460
360 1 17 457
370 1 10 474
370 1 6 504
370 1 6 457
370 1 8 529
370 1 15 525
370 1 19 514
370 1 9 460
370 1 17 501
370 1 6 520
370 1 12 486
370 1 17 472
370 1 9 465
370 1 12 525
370 1 9 524
370 1 3 489
370 1 10 467
370 1 3 536
370 1 12 518
370 1 7 449
370 1 0 448
380 1 22 551
380 1 19 480
380 1 3 479
380 1 7 464
380 1 6 493
380 1 2 483
380 1 12 558
380 1 5 529
380 1 14 486
380 1 11 479
380 1 12 487
380 1 14 501
380 1 10 542
380 1 8 529
380 1 8 505
380 1 21 504
380 1 24 522
380 1 16 494
380 1 18 507
380 1 16 503
390 1 10 534
390 1 10 530
390 1 19 582
390 1 8 574
390 1 9 571
390 1 1 566
390 1 25 532
390 1 17 525
390 1 11 495
390 1 11 510
390 1 9 563
390 1 8 544
390 1 26 591
390 1 24 527
390 1 5 583
390 1 16 548
390 1 5 553
390 1 2 510
390 1 15 542
390 1 24 540
400 1 18 606
400 1 6 558
400 1 22 600
400 1 5 595
400 1 7 572
400 1 19 591
400 1 11 570
400 1 24 562
400 1 21 581
400 1 9 587
400 1 33 571
400 1 2 569
400 1 32 547
400 1 14 552
400 1 24 495
400 1 6 562
400 1 21 603
400 1 12 631
400 1 25 592
400 1 5 579
410 1 11 544
410 1 12 615
410 1 4 636
410 1 15 600
410 1 18 604
410 1 14 619
410 1 2 602
410 1 16 683
410 1 7 663
410 1 22 593
410 1 35 654
410 1 3 602
410 1 12 631
410 1 18 618
410 1 12 594
410 1 18 661
410 1 16 640
410 1 1 631
410 1 6 587
410 1 14 665
420 1 3 673
420 1 6 620
420 1 37 676
420 1 40 609
420 1 20 610
420 1 10 590
420 1 7 652
420 1 5 667
420 1 22 670
420 1 31 608
420 1 25 695
420 1 20 701
420 1 2 640
420 1 7 599
420 1 2 590
420 1 3 562
420 1 19 671
420 1 12 629
420 1 20 580
420 1 2 664
430 1 21 611
430 1 5 647
430 1 26 646
430 1 35 646
430 1 25 626
430 1 18 628
430 1 4 612
430 1 11 633
430 1 30 664
430 1 3 658
430 1 41 665
430 1 6 622
430 1 5 675
430 1 25 676
430 1 15 602
430 1 14 647
430 1 30 607
430 1 27 747
430 1 2 659
430 1 13 659
440 1 33 751
440 1 5 672
440 1 7 678
440 1 8 718
440 1 1 664
440 1 14 642
440 1 5 697
440 1 3 713
440 1 34 737
440 1 23 653
440 1 13 736
440 1 2 691
440 1 6 732
440 1 11 649
440 1 8 655
440 1 11 698
440 1 8 714
440 1 15 668
440 1 9 631
440 1 3 660
450 1 11 681
450 1 10 716
450 1 5 680
450 1 31 710
450 1 17 681
450 1 6 692
450 1 14 763
450 1 15 809
450 1 7 736
450 1 41 795
450 1 11 710
450 1 16 693
450 1 8 655
450 1 1 663
450 1 9 694
450 1 4 654
450 1 14 633
450 1 6 733
450 1 7 706
450 1 12 672
460 1 17 773
460 1 37 836
460 1 8 775
460 1 12 696
460 1 7 689
460 1 48 779
460 1 3 758
460 1 21 691
460 1 17 746
460 1 22 696
460 1 17 703
460 1 7 693
460 1 12 695
460 1 6 741
460 1 22 790
460 1 18 799
460 1 45 808
460 1 36 834
460 1 35 716
460 1 2 731
470 1 24 733
470 1 42 689
470 1 22 725
470 1 4 737
470 1 6 867
470 1 26 731
470 1 27 704
470 1 28 717
470 1 2 733
470 1 27 804
470 1 15 739
470 1 6 754
470 1 10 735
470 1 7 807
470 1 6 767
470 1 36 765
470 1 8 745
470 1 16 765
470 1 16 803
470 1 26 787
480 1 17 794
480 1 26 736
480 1 29 770
480 1 21 804
480 1 2 823
480 1 1 778
480 1 22 759
480 1 9 825
480 1 20 745
480 1 25 760
480 1 12 730
480 1 11 801
480 1 37 818
480 1 49 824
480 1 18 762
480 1 52 892
480 1 17 742
480 1 6 846
480 1 30 853
480 1 9 741
490 1 19 791
490 1 11 862
490 1 33 762
490 1 27 781
490 1 31 763
490 1 22 793
490 1 27 796
490 1 36 788
490 1 41 906
490 1 26 911
490 1 25 843
490 1 30 791
490 1 25 805
490 1 4 803
490 1 4 771
490 1 12 892
490 1 15 768
490 1 24 861
490 1 31 816
490 1 11 831
500 1 24 837
500 1 3 958
500 1 20 1028
500 1 22 875
500 1 23 838
500 1 5 867
500 1 21 822
500 1 28 846
500 1 29 842
500 1 33 902
500 1 21 930
500 1 30 973
500 1 10 787
500 1 5 896
500 1 33 845
500 1 2 821
500 1 12 831
500 1 29 885
500 1 15 894
500 1 24 842
